42227|41 J 4127|6547
42260|41 HO 5409|6112
29043|41 AED 783|5920
29042|41 JA 077|5484
41449|41 UP 222|5138
41445|41 UP 254|5124
41446|41 UP 223|4966
42790|41 J 4018|4435
42683|41 J 4022|4332
41448|41 UP 257|4029
29046|41 E 0259|3910
46073|41 APC 995|3614
41711|41 ARM 711|3485
41719|41 ASC 719|3483
67077|41 HO 1359|3456
41744|41 ATT 744|3440
41808|41 AUJ 808|3423
41778|41 ATT 778|3383
41758|41 ATT 758|3375
41802|41 AUJ 802|3362
41762|41 ATT 762|3362
41729|41 ATB 729|3333
41752|41 ATT 752|3327
41733|41 ATT 733|3296
41732|41 ATT 732|3295
41587|41 AIG 587|3283
41800|41 AUJ 800|3281
41804|41 AUJ 804|3239
41743|41 ATT 743|3212
41586|41 AIG 586|3210
41779|41 ATT 779|3199
41753|41 ATT 753|3172
42786|41 HO 5020|3142
41619|41 AIG 619|3133
41598|41 AIG 598|3124
41738|41 ATT 738|3108
41567|41 AIG 567|3108
41801|41 AUJ 801|3097
41573|41 AIG 573|3097
29058|41 K 9755|3094
42396|41 J 4085|3091
42744|41 HO 4547|3089
41772|41 ATT 772|3088
41603|41 AIG 603|3083
41774|41 ATT 774|3078
41594|41 AIG 594|3075
42372|41 J 4078|3073
42763|41 HO 4543|3060
41355|41 BR 355|3054
42686|41 J 4323|3050
41642|41 AKN 642|3047
41810|41 AUJ 810|3040
41334|41 BR 334|3033
41754|41 ATT 754|3021
41739|41 ATT 739|3018
41734|41 ATT 734|3018
41748|41 ATT 748|3005
46057|41 AGD 751|3002
41390|41 BR 390|3000
41385|41 BR 385|2999
41763|41 ATT 763|2994
42524|41 J 4326|2990
41760|41 ATT 760|2989
41718|41 ASC 718|2987
67021|41 HO 6418|2982
41807|41 AUJ 807|2982
41761|41 ATT 761|2980
41757|41 ATT 757|2980
41513|41 AIG 513|2971
41731|41 ATT 731|2955
41585|41 AIG 585|2953
41570|41 AIG 570|2951
41618|41 AIG 618|2950
41377|41 BR 377|2943
42155|41 J 4021|2933
41529|41 AIG 529|2929
41431|41 BR 431|2926
42157|41 J 4023|2923
41376|41 BR 376|2922
42711|41 J 4009|2919
41502|41 AIG 502|2918
41543|41 AIG 543|2912
41806|41 AUJ 806|2911
41740|41 ATT 740|2911
41568|41 AIG 568|2911
41742|41 ATT 742|2910
41636|41 AKN 636|2907
42125|41 J 4093|2905
42384|41 J 4208|2904
41769|41 ATT 769|2904
41535|41 AIG 535|2902
41735|41 ATT 735|2897
42503|41 J 4364|2896
41629|41 AKN 629|2896
42285|41 HO 4902|2895
46036|41 HN 353|2891
41749|41 ATT 749|2890
42682|41 J 4357|2889
42444|41 J 4076|2888
41637|41 AKN 637|2886
41620|41 AIG 620|2874
41027|41 HB 627|2872
29055|41 ABT 721|2872
41714|41 ARM 714|2871
41768|41 ATT 768|2867
41155|41 PN 184|2863
42390|41 J 4102|2855
25526|41 HO 6548|2855
41712|41 ARM 712|2855
42147|41 J 4013|2852
42603|41 J 4131|2851
42546|41 J 4091|2844
41607|41 AIG 607|2840
42153|41 J 4019|2838
42654|41 J 4014|2837
41278|41 BR 278|2836
41747|41 ATT 747|2835
42715|41 J 4359|2831
10129|41 VA 946|2830
42564|41 J 4083|2828
43166|41 J 6059|2826
42704|41 J 4030|2824
41809|41 AUJ 809|2824
41775|41 ATT 775|2823
42131|41 J 4099|2820
42752|41 J 4016|2818
42135|41 J 4001|2817
41725|41 ATB 725|2817
42166|41 J 4032|2812
41596|41 AIG 596|2811
42738|41 J 4002|2809
41409|41 BR 409|2807
41767|41 ATT 767|2807
42774|41 HO 4548|2804
41628|41 AKN 628|2801
41625|41 AKN 625|2798
41746|41 ATT 746|2794
42742|41 J 4104|2788
42255|41 J 4088|2787
41646|41 AKN 646|2784
42724|41 J 4097|2782
41576|41 AIG 576|2782
41569|41 AIG 569|2781
41578|41 AIG 578|2775
42266|41 J 4086|2774
41595|41 AIG 595|2774
42076|41 HO 4918|2773
41314|41 BR 314|2773
41536|41 AIG 536|2773
10198|34 COD 952|2773
41267|41 BR 267|2770
41340|41 BR 340|2769
41600|41 AIG 600|2769
42614|41 J 4221|2768
41631|41 AKN 631|2766
42067|41 J 4147|2763
41721|41 ATB 721|2763
41526|41 AIG 526|2763
41727|41 ATB 727|2761
41715|41 ARM 715|2761
41722|41 ATB 722|2759
41324|41 BR 324|2757
41320|41 BR 320|2757
10136|34 DD 3017|2753
42417|41 J 4028|2752
41521|41 AIG 521|2752
42498|41 J 4090|2749
41745|41 ATT 745|2748
41599|41 AIG 599|2747
41560|41 AIG 560|2746
41730|41 ATT 730|2745
41583|41 AIG 583|2744
41557|41 AIG 557|2743
41540|41 AIG 540|2742
42437|41 J 4120|2739
41624|41 AKN 624|2739
41329|41 BR 329|2738
41247|41 BR 247|2733
42582|41 J 4232|2732
41723|41 ATB 723|2730
47571|41 J 0495|2729
41674|41 ALL 674|2729
46013|41 SE 832|2726
41162|41 PN 214|2726
41737|41 ATT 737|2725
42776|41 J 4065|2724
41777|41 ATT 777|2724
41705|41 ALL 705|2723
41435|41 BR 435|2720
42566|41 J 4071|2716
41326|41 BR 326|2715
41551|41 AIG 551|2714
42407|41 HO 4921|2713
42295|41 J 4205|2711
42483|41 J 4331|2702
42202|41 J 4068|2701
41549|41 AIG 549|2700
42659|41 J 4268|2699
42660|41 J 4115|2697
41556|41 AIG 556|2697
42570|41 J 4082|2695
41507|41 AIG 507|2693
41039|41 HB 639|2691
41300|41 BR 300|2690
41602|41 AIG 602|2688
41517|41 AIG 517|2688
42163|41 J 4029|2686
42613|41 J 4087|2684
41508|41 AIG 508|2684
41776|41 ATT 776|2683
42352|41 J 4229|2681
42750|41 J 4015|2681
42321|41 J 4226|2680
41614|41 AIG 614|2676
42246|41 J 4024|2673
41553|41 AIG 553|2673
41541|41 AIG 541|2672
41604|41 AIG 604|2671
41509|41 AIG 509|2671
41756|41 ATT 756|2668
41613|41 AIE 613|2668
41323|41 BR 323|2667
42159|41 J 4025|2666
41372|41 BR 372|2666
42784|41 HO 4068|2665
41293|41 BR 293|2664
41532|41 AIG 532|2661
41650|41 AKN 650|2660
42785|41 J 4070|2659
41253|41 BR 253|2657
41206|41 BR 206|2657
42739|41 J 4077|2656
41546|41 AIG 546|2655
41033|41 HB 633|2652
42576|41 J 4075|2649
41380|41 BR 380|2643
41312|41 BR 312|2643
41580|41 AIG 580|2640
38077|41 NT 100|2638
42639|41 J 4276|2636
41691|41 ALL 691|2635
42769|41 J 4322|2634
42705|41 J 4054|2633
41528|41 AIG 528|2633
41343|41 BR 343|2632
42481|41 J 4330|2630
42532|41 J 4305|2630
44430|41 J 0262|2630
41382|41 BR 382|2629
41348|41 BR 348|2629
41759|41 ATT 759|2627
14006|41 J 3087|2625
41503|41 AIG 503|2625
41575|41 AIG 575|2624
41638|41 AKH 638|2623
42388|41 J 4051|2619
42782|41 J 4005|2619
42725|41 J 4363|2617
42648|41 J 4313|2617
42766|41 J 4017|2617
41433|41 BR 433|2617
41341|41 BR 341|2617
41538|41 AIG 538|2615
42666|41 J 4069|2614
41579|41 AIG 579|2613
42509|41 J 4121|2611
47262|41 J 0443|2611
41429|41 BR 429|2611
42644|41 J 4178|2609
42426|41 J 4079|2608
41582|41 AIG 582|2608
41635|41 AKN 635|2607
42126|41 J 4094|2604
41695|41 ALL 695|2603
42480|41 J 4329|2601
41436|41 BR 436|2600
41387|41 BR 387|2599
42108|41 J 4107|2598
42690|41 J 4026|2597
10209|41 AEC 064|2597
43155|41 J 6033|2596
47597|41 HO 1774|2596
41345|41 BR 345|2595
42719|41 HO 4514|2590
41416|41 BR 416|2589
41319|41 BR 319|2587
41506|41 AIG 506|2584
41432|41 BR 432|2583
41292|41 BR 292|2583
42358|41 J 4081 |2582
41736|41 ATT 736|2582
42349|41 HO 4436|2581
42788|41 J 4321|2580
41764|41 ATT 764|2579
41581|41 AIG 581|2579
42780|41 J 4063|2577
41303|41 BR 303|2577
42533|41 J 4319|2575
41397|41 BR 397|2575
42241|41 J 4128|2574
43167|41 J 6010|2572
42275|41 J 4059|2569
41317|41 BR 317|2569
41297|41 BR 297|2568
41751|41 ATT 751|2565
41392|41 BR 392|2561
41325|41 BR 325|2557
10188|41 VN 267|2555
42700|41 J 4031|2552
29057|41 AIB 420|2552
10201|41 ATB 698|2550
42168|41 J 4034|2547
42190|41 J 4056|2545
41367|41 BR 367|2544
41271|41 BR 271|2543
41531|41 AIG 531|2543
42771|41 J 4041|2542
41336|41 BR 336|2542
42094|41 J 4245|2541
42697|41 J 4064|2541
41617|41 AIG 617|2540
41318|41 BR 318|2538
41269|41 BR 269|2535
42510|41 J 4098|2533
47118|41 J 0446|2531
10190|41 YR 825|2528
42138|41 J 4004|2526
29052|41 H 0198|2524
41755|41 ATT 755|2523
41308|41 BR 308|2520
41527|41 AIG 527|2520
46070|41 BD 761|2516
42346|41 J 4072|2515
41370|41 BR 370|2515
41525|41 AIG 525|2515
42191|41 J 4057|2512
42435|41 J 4067|2510
25505|41 HO 6523|2510
44654|41 J 0083|2509
42264|41 HO 5413|2506
13063|41 HO 5542|2505
41288|41 BR 288|2498
41571|41 AIG 571|2497
44614|41 J 0030|2495
41333|41 BR 333|2495
42367|41 J 4074 |2494
41663|41 ALL 663|2494
42478|41 J 4327|2493
41519|41 AIG 519|2493
42622|41 J 4332|2490
41643|41 AKN 643|2490
41547|41 AIG 547|2489
42761|41 J 4291|2487
44222|41 J 0222|2487
41419|41 BR 419|2487
41402|41 BR 402|2487
41694|41 ALL 694|2485
41592|41 AIG 592|2485
10133|41 APR 974|2484
41512|41 AIG 512|2481
42574|41 J 4356|2480
14003|41 HO 6410|2477
41428|41 BR 428|2476
42256|41 J 4089|2474
42553|41 J 4200|2472
46002|41 AH 630|2471
41765|41 ATT 765|2470
41516|41 AIG 516|2470
15011|41 HO 6030|2465
41647|41 AKN 647|2464
13049|41 SA 604|2463
42626|41 J 4053|2463
42507|41 HO 4051|2462
44194|41 J 0194|2460
42675|41 J 4096|2457
42577|41 J 4146|2456
42348|41 J 4105|2456
29054|41 HO 6066|2456
18028|41 LK 515|2455
41365|41 BR 365|2455
42721|41 J 4210|2454
42038|41 HO 4438|2453
41591|41 AIG 591|2452
41707|41 ALL 707|2449
42089|41 HO 4913|2447
10204|34 EB 2267|2447
42062|41 J 4140|2446
41301|41 BR 301|2440
41020|41 RL 620|2439
10132|34 HT 8917|2439
46074|41 AEC 092|2437
41361|41 BR 361|2433
42649|41 J 4006|2432
41412|41 BR 412|2431
42604|41 J 4328|2430
42177|41 J 4043|2430
41330|41 BR 330|2430
44294|41 J 0294|2426
41362|41 BR 362|2426
46078|41 BZ 501|2424
42497|41 J 4231|2423
42458|41 J 4145|2422
10163|34 TY 0516|2422
41640|41 AKN 640|2420
41153|41 PN 172|2419
42663|41 J 4206|2417
42765|41 J 4055|2417
41685|41 ALL 685|2416
44352|41 J 0024|2415
41381|41 BR 381|2415
41665|41 ALL 665|2414
41622|41 AKN 622|2412
42137|41 J 4003|2411
41803|41 AUJ 803|2411
41675|41 ALL 675|2411
42758|41 J 4100|2410
41371|41 BR 371|2409
41632|41 AKN 632|2408
41358|41 BR 358|2407
46047|41 BP 075|2407
41787|41 AUJ 787|2404
46009|41 RN 255|2402
41522|41 AIG 522|2401
42714|41 J 4007|2396
42736|41 J 4066|2393
41565|41 AIG 565|2393
42749|41 J 4354|2392
28002|41 AJC 749|2392
41346|41 BR 346|2391
42360|41 J 4116|2390
42706|41 J 4314|2389
41400|41 BR 400|2389
41306|41 BR 306|2388
42751|41 J 4122|2387
41251|41 BR 251|2387
41204|41 BR 204|2386
42183|41 J 4049|2385
42356|41 HO 4900|2384
41741|41 ATT 741|2381
46019|41 PC 961|2380
25529|41 M 8001|2380
13046|41 HK 773|2380
42075|41 HO 4919|2379
43064|41 J 6044|2377
42073|41 J 4134|2377
29011|41 H 8228|2377
41626|41 AKN 626|2377
41726|41 ATB 726|2376
41669|41 ALL 669|2376
42634|41 J 4271|2375
42399|41 J 4114|2375
42713|41 J 4358|2374
41357|41 BR 357|2374
42726|41 J 4267|2370
42196|41 J 4062|2370
41605|41 AIG 605|2370
42755|41 J 4318|2367
44281|41 J 0281|2367
28050|41 HO 5572|2367
42571|41 J 4236|2366
47107|41 J 0435|2366
41374|41 BR 374|2363
42589|41 J 4241|2362
41542|41 AIG 542|2360
41510|41 AIG 510|2360
46081|41 HO 5584|2358
42405|41 J 4135|2355
41584|41 AIG 584|2354
41391|41 BR 391|2352
44446|41 J 0524|2351
41644|41 AKN 644|2347
44548|41 J 0018|2345
41272|41 BR 272|2345
42446|41 HO 4009|2344
41545|41 AIG 545|2343
42629|41 J 4266|2342
47223|41 J 0332|2342
16011|41 HO 1327|2341
42387|41 J 4050|2339
41364|41 BR 364|2337
41219|41 BR 219|2337
42134|41 J 4000|2336
42760|41 HO 4531|2335
41666|41 ALL 666|2335
41514|41 AIG 514|2332
42694|41 J 4033|2330
26018|41 HO 6018|2329
42605|41 J 4360|2328
42035|41 HO 4433|2327
41375|41 BR 375|2327
41237|41 BR 237|2326
12018|41 M 9003|2325
42029|41 HO 4432|2325
29013|41 GH 548|2325
41548|41 AIG 548|2325
42119|41 J 4118|2324
28013|41 AFP 715|2323
41649|41 AKN 649|2322
41353|41 BR 353|2320
41530|41 AIG 530|2320
42464|41 J 4301|2319
44298|41 J 0298|2319
42034|41 HO 4431|2319
41662|41 ALL 662|2319
41511|41 AIG 511|2318
42114|41 J 4113|2317
28023|41 DJ 421|2317
41750|41 ATT 750|2317
25509|41 M 8034|2315
13067|41 HO 5539|2315
37054|41 HO 2141|2312
42796|41 J 4047|2311
42699|41 J 4362|2308
42795|41 HO 4089|2306
67019|41 HO 6419|2305
29014|41 H 0559|2305
41515|41 AIG 515|2305
25009|41 E 4845|2304
41347|41 BR 347|2304
44581|41 HO 1638|2300
11303|41 HO 1336|2300
41627|41 AKN 627|2300
42646|41 J 4058|2299
44256|41 J 0256|2299
29039|41 E 0576|2299
44235|41 HO 1851|2297
38105|41 AHJ 611|2296
41266|41 BR 266|2291
18025|41 BK 440|2291
42688|41 J 4042|2290
41248|41 BR 248|2290
42609|41 J 4230|2287
47202|41 J 0344|2286
25513|41 M 8023|2285
49050|41 HO 3012|2285
49041|41 HO 3007|2283
42469|41 J 4307|2282
42578|41 J 4235|2282
41205|41 BR 205|2282
41609|41Â AIG 609|2281
13047|41 HO 5535|2276
42753|41 J 4192|2275
47071|41 J 0400|2275
42380|41 J 4260|2274
42727|41 J 4191|2273
42182|41 J 4048|2273
42746|41 J 4295|2272
25504|41 M 8036|2271
41406|41 BR 406|2270
25515|41 AGA 314|2269
42764|41 J 4306|2268
42723|41 J 4209|2264
25523|41 M 8000|2263
43132|41 J 6065|2262
41316|41 BR 316|2261
42687|41 J 4207|2259
42133|41 J 4101|2259
41246|41 BR 246|2258
41639|41 AKN 639|2253
13035|41 HO 5509|2252
43163|41 J 6029|2251
41661|41 ALL 661|2250
29044|41 H 0558|2249
42344|41 J 4186|2248
41681|41 ALL 681|2245
41328|41 BR 328|2242
42007|41 HO 4430|2241
44147|41 J 0147|2239
44542|41 HO 1514|2239
44408|41 J 0295|2237
42573|41 J 4355|2236
47101|41 HO 1752|2236
47533|41 J 0506|2234
44233|41 HO 1849|2234
10189|34 FCK 081|2233
43053|41 J 6051|2232
42793|41 J 4008|2232
41339|41 BR 339|2228
18026|41 AZ 160|2228
41360|41 BR 360|2227
41030|41 HB 630|2222
44114|41 J 0114|2221
41309|41 BR 309|2221
42640|41 J 4277|2219
41160|41 PN 209|2218
42120|41 J 4119|2218
42617|41 J 4108|2218
41423|41 BR 423|2218
46072|41 ALF 255|2212
42768|41 J 4258|2211
15007|41 HO 6035|2210
28048|41 HO 5566|2210
13003|41 HO 5536|2206
41537|41 AIG 537|2206
44305|41 J 0305|2204
41641|41 AKN 641|2204
29048|41 E 0758|2203
42466|41 J 4303|2202
47186|41 HO 1761|2197
41395|41 BR 395|2197
26093|41 ADY 599|2195
41211|41 BR 211|2194
42249|41 J 4073|2192
44630|41 HO 1595|2192
44355|41 J 0263|2190
28042|41 HO 5571|2189
18032|41 E 6028|2186
49104|41 J 7003|2185
43048|41 J 6001|2185
42335|41 J 4195|2184
42799|41 HO 5027|2181
42273|41 J 4046|2180
42737|41 J 4361|2178
42118|41 J 4117|2177
47047|41 J 0376|2176
42731|41 J 4352|2175
42300|41 J 4211|2172
44238|41 J 0238|2172
42373|41 J 4060|2171
44641|41 HO 1561|2171
41408|41 BR 408|2168
41244|41 BR 244|2167
46075|41 FH 229|2166
41302|41 BR 302|2164
41679|41 ALL 679|2159
42195|41 J 4061|2158
47600|41 HO 1709|2158
12044|41 M 9029|2157
42334|41 J 4194 |2155
42173|41 J 4039|2155
41262|41 BR 262|2155
41034|41 HB 634|2154
41337|41 BR 337|2154
42638|41 J 4275|2153
47170|41 J 0395|2153
41350|41 BR 350|2151
41296|41 BR 296|2151
47567|41 J 0487|2150
44533|41 J 0245|2150
41285|41 BR 285|2150
46040|41 AP 336|2149
38112|41 HO 1799|2148
41550|41 AIG 550|2148
44583|41 J 0102|2147
41597|41 AIG 597|2146
41699|41 ALL 699|2145
44602|41 J 0156|2142
39021|41 HO 6160|2140
49045|41 HO 3085|2137
41264|41 BR 264|2135
47221|41 J 0361|2134
41369|41 BR 369|2133
42030|41 HO 4434|2130
42304|41 J 4203|2129
42174|41 J 4040|2129
41672|41 ALL 672|2126
41593|41 AIG 593|2122
18009|41 BZ 125|2121
41659|41 ALL 659|2121
42102|41 J 4129|2119
41656|41 ALL 656|2119
41534|41 AIG 534|2119
25502|41 JA 853|2118
47039|41 J 0368|2118
41238|41 BR 238|2117
33019|41 E 7654|2116
42679|41 J 4184|2115
49093|41 HO 3000|2113
44099|41 HO 1574|2112
39006|41 J 3203|2111
28045|41 KA 448|2110
47552|41 J 0493|2110
15001|41 AFP 315|2110
41344|41 BR 344|2109
41379|41 BR 379|2107
42692|41 J 4254|2104
24015|41 BR 004|2104
41670|41 ALL 670|2104
41438|41 BR 438|2101
13011|41 ATC 674|2101
47080|41 J 0408|2100
42781|41 J 4309|2096
10302|41 HO 4401|2096
41257|41 BR 257|2096
41786|41 AUJ 786|2096
41788|41 AUJ 788|2095
47158|41 HO 1754|2094
42676|41 J 4035|2093
44248|41 J 0248|2092
41256|41 BR 256|2091
24006|41 HO 2136|2090
44221|41 J 0221|2089
49125|41 J 7001|2088
42747|41 J 4213|2088
45037|41 J 0516|2087
42330|41 J 4189|2084
41728|41 ATB 728|2084
42701|41 J 4137|2082
33020|41 GD 707|2082
42756|41 J 4316|2080
42529|41 J 4300|2080
47511|41 J 0504|2080
41276|41 BR 276|2080
42588|41 HO 4422|2079
41035|41 HB 635|2079
44667|41 HO 1109|2076
41634|41 AKN 634|2075
28040|41 HO 5569|2074
44665|41 HO 1000|2068
42471|41 J 4311|2065
42324|41 J 4181|2065
42581|41 J 4126|2065
41589|41 AIG 589|2065
10141|41 VC 351|2063
42178|41 J 4044|2061
46076|41 HO 5593|2061
47559|41 J 0475|2059
38110|41 HO 1798|2059
18016|41 HK 413|2054
41411|41 BR 411|2054
44679|41 HO 1649|2053
16004|41 ALY 114|2053
13041|41 HO 5538|2052
25524|41 M 8038|2050
41805|41 AUJ 805|2050
41633|41 AKN 633|2049
41630|41 AKN 630|2049
41720|41 ASC 720|2048
41724|41 ATB 724|2046
42289|41 J 4109|2044
47585|41 J 0472|2044
41667|41 ALL 667|2043
44302|41 J 0302|2040
41676|41 ALL 676|2039
41563|41 AIG 563|2038
44506|41 J 0178|2036
47570|41 J 0380|2035
13002|41 HO 5513|2034
42597|41 J 4237|2033
42331|41 J 4190|2033
17025|41 HO 6139|2032
41773|41 ATT 773|2032
44621|41 HO 1581|2031
41265|41 BR 265|2031
42754|41 J 4217|2030
47022|41 J 0351|2030
42320|41 J 4224|2029
39018|41 J 3204|2029
41230|41 BR 230|2029
41574|41 AIG 574|2028
10206|41 AKF 152|2027
41389|41 BR 389|2026
42658|41 J 4215|2025
42712|41 J 4037|2025
13020|41 HO 5504|2025
47527|41 J 0481|2023
41673|41 ALL 673|2023
42792|41 HO 4100|2022
41654|41 ALL 654|2021
18027|41 K 9602|2015
42539|41 J 4312|2014
44120|41 J 0120|2012
41234|41 BR 234|2012
41552|41 AIG 552|2010
44275|41 J 0275|2009
21058|41 AF 064|2009
25116|41 JB 628|2008
44435|41 HO 1548|2007
41338|41 BR 338|2007
18020|41 NN 390|2006
41401|41 BR 401|2004
28028|41 H 1821|2003
41152|41 PN 170|2002
41225|41 BR 225|2002
42064|41 HO 4916|2001
42733|41 J 4262|1999
44411|41 HO 1853|1999
28001|41 RP 743|1998
42342|41 J 4188|1998
41383|41 BR 383|1998
41240|41 BR 240|1998
41224|41 BR 224|1998
18033|41 HO 5556|1997
41520|41 AIG 520|1994
44112|41 J 0112|1993
15009|41 HO 6033|1993
18021|41 AJ 982|1993
38107|41 HO 1797|1989
44479|41 J 0267|1986
41283|41 BR 283|1986
35022|41 HO 6096|1982
28049|41 HO 5565|1980
41611|41 AIG 611|1976
42100|41 J 4263|1975
44241|41 HO 1857|1975
12081|41 M 9001|1974
25517|41 M 8017|1974
45014|41 HO 1942|1974
41286|41 BR 286|1974
41590|41 AIG 590|1974
44309|41 J 0309|1973
33022|41 GG 011|1973
47042|41 J 0371|1972
29024|41 H 0282|1972
41664|41 ALL 664|1972
33014|41 HO 6408|1971
47565|41 J 0502|1967
44075|41 J 0075|1967
47139|41 HO 1779|1966
47142|41 J 0471|1964
49095|41 HO 3092|1964
47172|41 HO 1743|1963
41518|41 AIG 518|1963
13038|41 LR 079|1961
67063|41 HO 1356|1960
44500|41 J 0077|1959
42298|41 J 4204|1957
29004|41 H 3797|1957
41658|41 ALL 658|1957
41208|41 BR 208|1956
42323|41 J 4180|1954
38037|41 AV 052|1954
42770|41 J 4296|1953
21038|41 RS 717|1951
47264|41 J 0404|1951
44197|41 J 0197|1948
41770|41 ATT 770|1948
42592|41 J 4244|1947
49032|41 HO 3090|1945
47275|41 HO 1691|1945
42728|41 J 4185|1944
41310|41 BR 310|1944
25047|41 J 3295|1943
44236|41 J 0236|1943
44230|41 J 0230|1943
42286|41 J 4171 |1941
42689|41 J 4308|1940
47599|41 HO 1715|1940
49120|41 J 7033|1938
42222|41 J 4175|1938
10194|34 CMK 798|1938
47529|41 J 0503|1937
37040|41 HO 2148|1937
42447|41 J 4219|1936
47231|41 J 0469|1935
44671|41 HO 1535|1935
47044|41 J 0373|1933
25514|41 M 8039|1931
44095|41 J 0095|1930
42568|41 HO 4425|1930
41311|41 BR 311|1930
15008|41 J 3217|1929
41284|41 BR 284|1929
49013|41 F 0069|1927
28043|41 ALD 084|1927
44624|41 J 0028|1925
67026|41 PD 941|1923
21005|41 LB 944|1921
47266|41 J 0418|1921
15002|41 HO 6034|1921
42624|41 J 4197|1920
13053|41 HO 5523|1920
42230|41 J 4256|1918
42063|41 J 4138|1918
41304|41 BR 304|1918
42787|41 HO 4077|1917
41022|41 BJ 622|1917
42643|41 J 4292|1913
41245|41 BR 245|1911
29060|41 NC 535|1910
44625|41 J 0034|1908
49009|41 HO 3079|1908
41671|41 ALL 671|1908
41652|41 ALL 652|1908
42555|41 J 4130|1907
49176|41 HO 3082|1907
41684|41 ALL 684|1907
41504|41 AIG 504|1907
42514|41 J 4297|1902
44683|41 J 0066|1902
49175|41 J 7002|1901
42655|41 J 4111|1900
43144|41 J 6012|1899
44330|41 J 0228|1899
36048|41 HO 2024|1899
44303|41 J 0303|1898
41562|41 AIG 562|1898
37055|41 HO 2156|1896
41394|41 BR 394|1896
38098|41 AIN 339|1895
28046|41 HO 5568|1893
41422|41 BR 422|1892
41158|41 PN 201|1891
41322|41 BR 322|1891
41789|41 AUJ 789|1891
43056|41 J 6052|1889
49136|41 HO 3067|1887
21016|41 HO 2163|1887
44516|41 J 0125|1884
48084|41 ALR 629|1882
44136|41 J 0136|1881
42326|41 HO 4005|1881
42031|41 HO 4435|1880
44247|41 J 0247|1875
28003|41 GR 662|1875
41687|41 ALL 687|1871
42308|41 J 4214|1870
28035|41 E 2575|1870
41677|41 ALL 677|1870
44491|41 J 0009|1868
67028|41 HO 1320|1866
41710|41 ALL 710|1865
41227|41 BR 227|1864
47188|41 J 0381|1862
19034|41 HO 5628|1860
49105|41 HO 3107|1860
41393|41 BR 393|1860
42319|41 J 4223|1859
42170|41 J 4036|1857
47555|41 J 0480|1856
42550|41 J 4216|1855
41533|41 AIG 533|1855
44598|41 J 0154|1854
44401|41 J 0065|1854
37053|41 HO 2149|1854
37015|41 HO 2153|1851
45013|41 HO 1941|1851
41239|41 BR 239|1851
49161|41 HO 3047|1850
42554|41 J 4133|1848
33023|41 GG 015|1848
41713|41 ARM 713|1848
13022|41 RT 234|1846
48079|41 J 2018|1846
49107|41 HO 3074|1846
25508|41 K 9564|1845
42777|41 J 4299|1845
47031|41 HO 1694|1844
41706|41 ALL 706|1844
29003|41 AEL 563|1841
42366|41 J 4176|1839
47516|41 J 0498|1838
41683|41 ALL 683|1838
44527|41 J 0189|1836
41693|41 ALL 693|1836
25120|41 JC 767|1834
29051|41 HO 6042|1834
44682|41 HO 1605|1834
45026|41 HO 1813|1833
41686|41 ALT 396|1833
44686|41 HO 1654|1831
47596|41 HO 1714|1830
41621|41 AKN 621|1830
49156|41 F 2754|1829
33012|41 J 3085|1827
47598|41 HO 1613|1827
41202|41 BR 202|1827
44503|41 J 0086|1826
41226|41 BR 226|1826
41228|41 BR 228|1824
49083|41 HO 3060|1823
48147|41 HO 2092|1823
41036|41 HB 636|1823
25031|41 J 3277|1822
12076|41 M 9025|1821
13069|41 ATG 468|1820
49021|41 J 7105|1819
42740|41 J 4198|1819
44568|41 J 0160|1819
47227|41 HO 1727|1818
47526|41 J 0500|1816
47595|41 HO 1783|1815
41041|41 HB 641|1812
44414|41 J 0282|1811
47592|41 HO 1786|1811
46012|41 SE 505|1810
67017|41 APK 914|1809
42309|41 J 4220|1808
13021|41 KH 276|1803
42773|41 J 4304|1803
28044|41 DG 693|1803
12094|41 M 0237|1802
47261|41 HO 1701|1802
47161|41 J 0417|1801
44465|41 J 0137|1801
44676|41 J 0132|1801
39019|41 J 3209|1798
47206|41 J 0413|1798
21008|41 B 2637|1798
49061|41 HO 3057|1796
44637|41 HO 1922|1796
19009|41 HO 5623|1795
41028|41 HB 628|1794
41612|41 AIG 612|1793
42377|41 HO 3901|1791
41781|41 AUJ 781|1791
21055|41 ABU 824|1791
44461|41 J 0082|1790
29016|41 H 0557|1790
18002|41 AP 353|1790
28006|41 HC 058|1788
13015|41 HO 5533|1787
42020|41 HO 4426|1786
42729|41 J 4345|1785
24019|41 J 2085|1785
33031|41 HO 6122|1785
41229|41 BR 229|1785
42610|41 J 4234|1783
16007|41 HO 1332|1783
37001|41 R 3523|1782
42339|41 J 4199|1782
21027|41 DK 269|1781
35107|41 SR 642|1780
42569|41 J 4045|1780
47100|41 HO 1751|1780
41564|41 AIG 564|1780
44650|41 J 0205|1779
41019|41 RT 619|1777
29063|41 HO 6055|1777
41559|41 AIG 559|1777
41150|41 PN 163|1775
41648|41 AKN 648|1774
44681|41 HO 1502|1772
49082|41 R 3427|1771
42325|41 J 4182|1769
35023|41 HO 6097|1768
41421|41 BR 421|1768
25530|41 HO 6527|1764
49074|41 HO 3011|1764
35114|41 HO 6099|1763
44539|41 J 0244|1761
44545|41 J 0073|1761
26004|41 HO 6028|1759
10311|41 J 4284|1758
13066|41 HO 5505|1757
29047|41 E 5028|1757
48131|41 HO 2085|1756
42505|41 HO 3918|1755
44644|41 J 0039|1753
41332|41 BR 332|1752
41524|41 AIG 524|1752
44476|41 J 0264|1751
12036|41 M 9021|1750
48040|41 HO 2120|1750
44673|41 HO 1539|1749
44369|41 J 0142|1748
67024|41 HO 6417|1748
41566|41 AIG 566|1748
42641|41 J 4278|1745
42627|41 J 4264|1745
42518|41 J 4290|1744
44484|41 J 0214|1744
41403|41 BR 403|1744
36067|41 HO 2015|1743
49070|41 J 7022|1742
47586|41 J 0490|1741
33021|41 GG 313|1739
49145|41 J 7032|1738
17026|41 HO 6135|1738
22028|41 HO 2045|1737
41577|41 AIG 577|1736
13050|41 RS 497|1733
35138|41 HO 6108|1733
47237|41 J 0407|1729
44531|41 J 0261|1729
42299|41 J 4212|1728
13016|41 HO 5517|1728
45005|41 HO 1809|1727
41368|41 BR 368|1727
41218|41 BR 218|1724
41209|41 BR 209|1724
12026|41 M 9011|1723
45002|41 HO 1812|1723
47573|41 J 0494|1721
37019|41 AC 282|1720
44689|41 HO 1586|1718
12088|41 M 9027|1717
42452|41 J 4349|1716
44573|41 HO 1530|1715
39003|41 J 3207|1714
44375|41 J 0080|1714
44664|41 HO 1139|1712
25113|41 GH 512|1712
42013|41 J 4227|1710
44219|41 J 0219|1710
42722|41 J 4110|1709
44595|41 J 0291|1709
67068|41 HO 2515|1709
44391|41 HO 1506|1709
67047|41 HO 2551|1706
41045|41 HG 645|1706
29002|41 H 2710|1705
44206|41 J 0206|1704
49072|41 F 8272|1704
19035|41 HO 5621|1703
67018|41 J 3236|1701
25521|41 M 8041|1699
42172|41 J 4038|1699
44523|41 J 0209|1697
44655|41 J 0171|1697
29050|41 E 0918|1697
48046|41 NM 064|1696
13026|41 PA 253|1694
42563|41 J 4052|1694
48137|41 HO 2055|1694
41678|41 ALL 678|1694
19053|41 HO 5625|1691
38090|41 HO 1807|1691
47604|41 HO 1708|1690
41146|41 PN 146|1688
42642|41 J 4279|1687
35112|41 GD 658|1686
49109|41 HO 3027|1685
41214|41 BR 214|1685
41275|41 BR 275|1684
33029|41 H 3289|1683
41782|41 AUJ 782|1682
49034|41 B 1513|1681
48114|41 J 2010|1680
44471|41 J 0223|1680
28047|41 HO 5567|1680
25052|41 J 3292|1678
47095|41 J 0423|1678
12071|41 M 9004|1677
44564|41 J 0297|1677
13055|41 HO 5526|1677
13034|41 HO 5514|1677
36018|41 HF 061|1677
13052|41 HO 5522|1676
44345|41 HO 1552|1676
49038|41 R 3420|1675
47277|41 J 0419|1675
19050|41 HO 5632|1675
19028|41 HO 5620|1675
41608|41 AIG 608|1675
42461|41 J 4298|1674
25124|41 K 0490|1673
48018|41 HO 2123|1671
44193|41 HO 1647|1671
41407|41 BR 407|1671
42628|41 J 4265|1670
41388|41 BR 388|1668
19052|41 HO 5612|1667
49117|41 HO 3046|1667
42336|41 J 4196|1665
49150|41 HO 3106|1662
38109|41 HO 1305|1662
41413|41 BR 413|1662
38082|41 HO 1792|1661
44670|41 HO 1592|1660
49184|41 HO 3056|1659
44519|41 HO 1538|1659
41418|41 BR 418|1659
29061|41 K 0021|1658
41282|41 BR 282|1658
44152|41 J 0152|1657
44130|41 HO 1597|1657
44561|41 HO 1615|1655
42710|41 J 4353|1654
41784|41 AUJ 784|1654
44242|41 J 0242|1651
19020|41 NT 571|1650
44250|41 J 0250|1650
42797|41 HO 4090|1649
44218|41 HO 1665|1648
41682|41 ALL 682|1648
33013|41 J 3083|1647
49048|41 HO 3013|1645
47215|41 J 0448|1644
44181|41 J 0181|1644
13012|41 HO 5540|1643
38055|41 HO 1796|1642
47269|41 HO 1765|1642
35125|41 UH 307|1640
44502|41 HO 1884|1639
47131|41 HO 1775|1639
41700|41 ALL 700|1639
42672|41 J 4302|1638
44253|41 J 0253|1638
19054|41 HO 5622|1637
13048|41 HO 5515|1637
44596|41 HO 1936|1637
13064|41 HO 5518|1636
67023|41 AHN 669|1636
13060|41 HO 5503|1635
25134|41 K 7070|1634
44629|41 HO 1819|1634
35146|41 HO 6098|1633
42632|41 J 4269|1632
44213|41 J 0213|1632
48042|41 J 2032|1628
13013|41 HO 5546|1627
35123|41 TZ 114|1626
49077|41 HO 3049|1626
41268|41 BR 268|1626
45039|41 J 0517|1622
41215|41 BR 215|1620
29021|41 E 0258|1619
44110|41 J 0110|1618
44088|41 J 0088|1618
35139|41 HO 6102|1618
41396|41 BR 396|1616
44404|41 J 0313|1614
35012|41 HO 6090|1614
49165|41 J 7077|1613
41653|41 ALL 653|1613
35137|41 HO 6112|1609
25027|41 E 2741|1609
22050|41 HO 2048|1608
47070|41 J 0399|1606
36022|41 KK 254|1605
42107|41 J 4106|1605
44662|41 J 0138|1604
45040|41 HO 1815|1604
41259|41 BR 259|1603
35143|41 HO 6107|1602
19047|41 HO 5611|1601
47602|41 HO 1759|1601
44647|41 J 0187|1600
49181|41 HO 3108|1598
49030|41 HO 3008|1598
24020|41 HO 2138|1598
47203|41 HO 1750|1596
49169|41 HO 3095|1595
49020|41 J 7104|1594
44487|41 J 0173|1594
26092|41 M 5046|1592
49079|41 HO 3062|1592
36065|41 HO 2016|1592
48104|41 J 2005|1590
41690|41 ALL 690|1589
42800|41 HO 5012|1586
37013|41 HO 2154|1586
67013|41 ABL 671|1586
35056|41 GH 863|1585
41159|41 PN 208|1584
42735|41 J 4257|1583
47054|41 J 0383|1581
49008|41 R 3276|1580
42454|41 J 4351|1580
44616|41 J 0134|1579
44687|41 HO 1577|1579
25133|41 J 3253|1578
35017|41 HO 6093|1577
17053|41 J 3007|1576
44553|41 J 0308|1573
13039|41 AL 162|1573
41261|41 BR 261|1572
44179|41 J 0179|1571
47008|41 J 0337|1569
47094|41 J 0422|1567
44634|41 J 0094|1567
41235|41 BR 235|1567
41539|41 AIG 539|1565
10165|41 VV 761|1564
41415|41 BR 415|1564
44456|41 J 0259|1563
44161|41 J 0161|1563
12085|41 M 9010|1562
42333|41 J 4193|1562
47566|41 J 0393|1562
49099|41 HO 3051|1561
42789|41 J 4143|1559
48110|41 J 2088|1559
42009|41 HO 4429|1559
12074|41 M 9020|1558
42083|41 J 4166|1558
42778|41 J 4011|1558
49017|41 B 0575|1558
19046|41 SL 453|1556
35135|41 H 7117|1556
35004|41 RS 580|1554
25520|41 M 8044|1553
42591|41 J 4174|1552
49141|41 HO 3075|1547
44325|41 J 0316|1546
45033|41 HO 1948|1545
44648|41 J 0036|1544
10108|41 ASZ 385|1544
37052|41 HO 2145|1542
47518|41 J 0496|1541
44469|41 J 0286|1541
44146|41 J 0146|1541
21057|41 HO 2159|1541
49157|41 F 1123|1541
47272|41 HO 1744|1540
47250|41 HO 1717|1540
42783|41 HO 4087|1538
41668|41 ALL 668|1537
35087|41 KP 853|1536
49178|41 HO 3031|1536
42702|41 J 4103|1534
44163|41 J 0163|1534
44585|41 J 0210|1533
13024|41 FY 053|1532
25035| 41 J 3251|1531
49039|41 HO 3043|1530
67012|41 HO 2511|1530
15006|41 RE 052|1529
36031|41 ADT 836|1529
42779|41 J 4010|1528
12093|41 M 9028|1527
41351|41 BR 351|1526
49149|41 HO 3006|1524
47531|41 J 0474|1521
44299|41 J 0299|1521
41298|41 BR 298|1521
44611|41 HO 1625|1518
41709|41 ALL 709|1518
41217|41 BR 217|1513
42794|41 HO 4073|1512
41305|41 BR 305|1512
44271|41 J 0271|1510
17005|41 HO 6127|1510
49001|41 HO 3028|1510
48091|41 HO 2122|1510
41366|41 BR 366|1510
19022|41 HO 5618|1509
47239|41 J 0416|1507
44498|41 HO 1889|1506
41657|41 ALL 657|1506
22036|41 ALE 699|1506
44517|41 HO 1848|1505
41287|41 BR 287|1505
13070|41 HO 5520|1504
10310|41 HO 4409|1504
47102|41 HO 1753|1504
49183|41 HO 3054|1503
10210|41 AGE 177|1502
49073|41 HO 3088|1501
21067|41 LB 855|1500
44418|41 J 0198|1500
41024|41 HB 624|1500
26010|41 J 3044|1498
67059|41 HO 1344|1498
21070|41 PG 761|1496
26091|41 HO 6016|1496
26065|41 HO 6015|1496
24003|41 NC 004|1495
44249|41 J 0249|1495
44580|41 HO 1566|1495
49179|41 HO 3110|1492
41038|41 HB 638|1492
44396|41 J 0278|1489
41241|41 BR 241|1489
41213|41 BR 213|1487
41201|41 BR 201|1487
67005|41 HO 2510|1486
10196|41 R 7683|1484
44656|41 HO 1504|1484
25512|41 M 8047|1483
44207|41 J 0207|1483
15012|41 HO 6037|1479
35126|41 E 8886|1479
42734|41 J 4261|1476
44505|41 J 0029|1476
49142|41 HO 3024|1476
44349|41 HO 1931|1476
38111|41 HO 1800|1476
47244|41 HO 1755|1474
44296|41 HO 1912|1473
48020|41 AOG 296|1471
25094|41 K 0302|1469
41243|41 BR 243|1468
44287|41 J 0287|1467
33006|41 GG 016|1467
44182|41 J 0182|1466
44229|41 J 0229|1464
44344|41 J 0078|1462
17062|41 M 5038|1461
26044|41 J 3043|1461
47001|41 HO 1674|1461
26033|41 HO 6406|1460
49164|41 HO 3020|1459
21025|41 B 0409|1459
49064|41 HO 3069|1457
67064|41 HO 2516|1457
47578|41 J 0488|1456
42315|41 J 4218|1454
44307|41 J 0307|1454
44076|41 J 0076|1453
35142|41 HO 6095|1452
38106|41 HO 1793|1452
49052|41 F 9515|1452
19045|41 HO 5634|1451
45027|41 J 0519|1450
49144|41 HO 3038|1450
49118|41 HO 3029|1450
17073|41 M 5031|1449
44674|41 HO 1547|1448
26017|41 AEH 169|1446
44559|41 J 0269|1443
41544|41 AIG 544|1443
37014|41 HO 2150|1442
67008|41 HO 2519|1441
45022|41 J 0511|1440
12054|41 M 9017|1439
25068|41 J 3270|1439
47249|41 J 0466|1438
42590|41 HO 4421|1437
35096|41 GG 029|1436
47267|41 J 0352|1435
47236|41 HO 1749|1433
13062|41 RE 962|1432
48111|41 J 2089|1431
44609|41 HO 1549|1431
41780|41 AUJ 780|1430
13040|41 HO 5507|1429
44678|41 HO 1512|1428
47254|41 HO 1690|1427
49018|41 J 7004|1426
67050|41 ABD 723|1426
17003|41 J 3003|1424
44285|41 J 0285|1424
44356|41 J 0170|1424
23017|41 SD 870|1421
25001|41 K 9111|1421
67066|41 HO 1321|1420
45038|41 HO 1811|1416
47096|41 J 0424|1415
44046|41 J 0046|1415
42219|41 HO 3911|1415
49029|41 HO 3084|1415
44466|41 J 0208|1414
36011|41 RS 448|1413
42383|41 J 4259 |1413
12080|41 M 9007|1412
43154|41 J 6002|1412
48024|41 J 2027|1412
44633|41 HO 1626|1412
42451|41 J 4347|1411
45006|41 J 0328|1411
67060|41 AGR 655|1411
26026|41 M 5035|1410
44240|41 J 0240|1410
35144|41 HO 6100|1410
45007|41 J 0329|1409
29026|41 GH 547|1409
35047|41 E 9979|1409
47148|41 J 0359|1408
49177|41 HO 3019|1408
41501|41 AIG 501|1406
25044|41 K 2773|1404
41212|41 BR 212|1403
49007|41 J 7102|1402
49166|41 HO 3080|1402
10187|41 VZ 011|1401
45025|41 HO 1937|1401
35035|41 HO 6103|1396
33030|41 H 3288|1395
41660|41 ALL 660|1395
44098|41 J 0098|1394
48145|41 HO 2053|1394
44599|41 HO 1513|1392
26023|41 GD 860|1391
19041|41 HO 5619|1390
42124|41 J 4092|1388
49094|41 FH 788|1387
10160|41 ACC 891|1386
47121|41 J 0449|1385
44323|41 J 0317|1385
42502|41 J 4294|1384
47594|41 J 0191|1384
41232|41 BR 232|1384
12023|41 M 9008|1381
44565|41 HO 1904|1380
35141|41 ABR 908|1380
45015|41 J 0515|1379
47152|41 HO 1723|1379
44613|41 HO 1650|1379
23028|41 HO 2033|1377
42579|41 J 4168|1375
39013|41 J 3208|1374
26081|41 J 3056|1374
38019|41 EB 052|1374
44334|41 HO 1874|1373
19025|41 BF 949|1373
48076|41 HO 2105|1372
48149|41 HO 2104|1371
44311|41 J 0311|1370
44382|41 J 0188|1369
42014|41 J 4228|1368
44310|41 J 0310|1368
44100|41 HO 1575|1368
25125|41 J 3259|1367
67062|41 HO 2513|1365
41645|41 AKN 645|1362
17069|41 HO 6148|1361
44512|41 HO 1917|1361
22034|41 NT 056|1360
48109|41 J 2090|1357
44395|41 J 0038|1357
45034|41 HO 1940|1357
25131|41 ALN 679|1355
35140|41 ACD 041|1355
21071|41 LG 155|1354
49171|41 HO 3037|1350
41771|41 ATT 771|1350
44373|41 J 0234|1349
41242|41 BR 242|1349
26020|41 ALG 615|1349
35134|41 HO 6088|1348
12041|41 M 9026|1345
49087|41 J 7059|1345
35129|41 E 7477|1345
49174|41 HO 3030|1344
47587|41 HO 1098|1344
41352|41 BR 352|1344
48059|41 BN 075|1344
25122|41 AEJ 431|1344
16014|41 HO 1330|1342
19043|41 HO 5626|1341
44003|41 J 0003|1340
35085|41 HO 6075|1340
36063|41 HO 2026|1340
44255|41 J 0255|1337
35119|41 HO 6087|1333
49167|41 J 7098|1331
35084|41 GG 753|1331
41294|41 BR 294|1331
25516|41 M 8040|1330
67046|41 HO 2547|1330
48038|41 ANP 545|1329
47582|41 J 0366|1328
49097|41 HO 3096|1327
49016|41 NL 367|1325
67036|41 AIE 014|1325
49172|41 HO 3078|1323
47245|41 HO 1678|1323
41447|41 AJR 962|1320
48115|41 HO 2078|1319
47196|41 J 0403|1318
44318|41 J 0318|1318
44239|41 HO 1855|1316
41255|41 BR 255|1316
26088|41 HO 6013|1315
49089|41 F 7359|1313
35116|41 HO 6084|1312
44157|41 HO 1618|1310
67009|41 HO 2514|1309
48058|41 J 2075|1308
22049|41 DF 218|1308
41231|41 BR 231|1307
19042|41 HO 5616|1305
47273|41 HO 1778|1302
41025|41 HB 625|1301
25119|41 GD 052|1300
38086|41 DJ 581|1297
67016|41 HO 2554|1295
13061|41 HO 5502|1293
49060|41 HO 3066|1292
26068|41 ADU 581|1292
49170|41 J 7036|1290
35099|41 GK 829|1285
41505|41 AIG 505|1284
48150|41 HO 2130|1281
44463|41 J 0289|1280
41216|41 BR 216|1279
41688|41 ALL 688|1278
48090|41 J 2050|1277
13004|41 HO 5541|1277
47061|41 J 0390|1274
41289|41 BR 289|1274
42340|41 J 4201|1273
29008|41 NH 355|1271
25041|41 J 3272|1271
47151|41 J 0444|1271
26079|41 HO 6133|1268
44688|41 HO 1620|1268
16012|41 HO 1326|1268
42296|41 J 4202|1266
47187|41 J 0409|1266
36014|41 HO 2014|1266
21036|41 SL 925|1265
12082|41 M 9019|1265
26036|41 M 5059|1264
47007|41 J 0336|1264
45029|41 HO 1814|1263
41561|41 AIG 561|1261
26083|41 ALG 058|1260
19026|41 HO 5615|1259
36019|41 LD 066|1257
13058|41 HO 5531|1257
44257|41 HO 1873|1257
41151|41 PN 165|1254
38101|41 DC 870|1253
67011|41 HO 2512|1252
48048|41 HO 2094|1252
10180|41 US 269|1250
44632|41 J 0217|1248
25051|41 J 3268|1246
47132|41 J 0461|1244
44284|41 J 0284|1241
12091|41 M 9030|1240
41651|41 ALL 651|1238
24001|41 HO 2131|1236
44587|41 J 0087|1234
67516|41 AFE 449|1234
23014|41 RP 138|1233
44661|41 J 0050|1233
35094|41 GG 880|1233
48112|41 J 2019|1232
47108|41 J 0436|1232
17016|41 HO 6040|1231
37027|41 HO 2144|1231
67044|41 HO 2552|1230
37048|41 KR 847|1229
44276|41 J 0276|1229
10171|41 AUK 603|1228
49006|41 HO 3048|1227
67514|41 HO 1286|1225
47185|41 J 0364|1224
25135|41 HO 6555|1224
35132|41 HO 6106|1224
49134|41 HO 3086|1224
26095|41 HO 6001|1223
12075|41 M 9034|1222
10301|41 HO 4400|1220
47583|41 HO 1696|1216
41258|41 BR 258|1215
44495|41 J 0270|1211
48056|41 HO 2103|1210
48101|41 AIT 135|1208
47579|41 J 0365|1206
22015|41 AEM 771|1206
44129|41 J 0129|1204
47168|41 HO 1692|1204
37004|41 LD 040|1203
17080|41 HO 6141|1203
48146|41 HO 2111|1203
47128|41 J 0456|1201
67043|41 HO 2550|1201
25511|41 M 8031|1200
48080|41 ALM 390|1200
48095|41 AJT 921|1200
42561|41 J 4169|1199
41148|41 PN 148|1194
26008|41 HO 6402|1193
41220|41 BR 220|1192
45032|41 J 0510|1191
41425|41 BR 425|1190
47260|41 J 0338|1189
26030|41 M 5042|1187
44659|41 J 0107|1187
26094|41 HO 6007|1185
42772|41 J 4012|1182
44550|41 J 0314|1182
19051|41 HO 5613|1182
24014|41 J 2083|1180
48129|41 YY 844|1179
38099|41 RC 852|1179
44140|41 HO 1606|1178
33026|41 GG 012|1177
49068|41 SF 504|1175
37025|41 SD 632|1175
22051|41 HO 2037|1175
25055|41 ALF 265|1175
42221|41 J 4172|1173
47110|41 J 0438|1173
22044|41 HO 2040|1173
49058|41 HO 3041|1172
44606|41 HO 1632|1172
13032|41 HO 5506|1171
21034|41 LG 128|1169
41398|41 BR 398|1166
17039|41 J 3008|1162
17061|41 HO 6416|1159
48055|41 J 2022|1158
44371|41 J 0045|1158
37050|41 HS 193|1158
13072|41 HO 5544|1155
44672|41 HO 1580|1154
26074|41 AEE 355|1154
12086|41 M 9012|1151
23018|41 RU 417|1150
26089|A41 HO 6003|1149
44556|41 J 0277|1149
44478|41 HO 1847|1149
25059|41 AEM 350|1148
41655|41 ALL 655|1147
47539|41 J 0499|1146
18031|41 HO 5550|1145
67033|41 ACM 030|1140
49143|41 F 9837|1139
10192|41 ADS 212|1138
49182|41 HO 3018|1134
17067|41 HO 6039|1131
49051|41 HO 3058|1131
44064|41 J 0064|1127
17070|41 HO 6413|1127
48144|41 HO 2087|1123
26056|41 H 5499|1123
17022|41 J 3002|1122
41274|41 BR 274|1121
49147|41 J 7061|1120
67067|41 AJB 797|1118
18023|41 AIY 140|1113
10109|41 TG 990|1110
26090|41 HO 6010|1110
37007|41 RT 769|1109
44675|41 HO 1510|1108
44058|41 J 0058|1107
48053|41 HO 2075|1106
42363|41 J 4177|1105
42732|41 J 4162|1103
44390|41 J 0062|1103
44252|41 J 0252|1102
44540|41 J 0133|1101
44449|41 J 0280|1100
22001|41 AEK 140|1100
10122|34 KP 4974|1097
44312|41 HO 1928|1095
67072|41 HO 2500|1094
49054|41 HO 3087|1090
67020|41 HO 2546|1089
44480|41 J 0300|1088
47603|41 HO 1772|1088
41250|41 BR 250|1087
44646|41 J 0265|1083
41783|41 AUJ 783|1083
36066|41 HO 2017|1079
25528|41 HO 6514|1078
23027|41 HO 2034|1076
44169|41 J 0169|1075
35133|41 HO 6078|1074
44603|41 HO 1572|1073
41785|41 AUJ 785|1069
44642|41 J 0085|1066
49042|41 HO 3042|1066
22004|41 HO 2044|1063
17077|41 HO 6136|1060
48107|41 AOC 202|1058
42637|41 J 4274|1057
10135|41 AUN 421|1057
41384|41 BR 384|1056
41018|41 RT 618|1055
17081|41 HO 6138|1054
25132|41 AIM 248|1051
41236|41 BR 236|1048
26058|41 J 3039|1047
48118|41 J 2045|1046
48087|41 J 2072|1044
47226|41 J 0452|1044
47002|41 J 0331|1041
67048|41 HO 2545|1041
23015|41 SP 203|1037
44436|41 J 0246|1036
48130|41 J 2030|1034
48143|41 HO 2114|1034
48005|41 HO 2106|1034
44685|41 HO 1521|1030
67038|41 HO 1340|1030
44537|41 J 0260|1025
49138|41 HO 3063|1019
41173|41 PN 272|1018
27026|41 HO 1394|1018
41273|41 BR 273|1017
41704|41 ALL 704|1017
48108|41 R 2136|1016
10306|41 HO 4405|1013
26027|41 HO 6405|1012
67010|41 HO 2518|1011
67504|41 HO 1346|1011
48142|41 BR 796|1011
49152|41 HO 3072|1009
48121|41 J 2006|1004
26069|41 ADV 536|1004
17066|41 M 5050|1003
67007|41 N 8306|1002
23026|41 HO 2032|1001
13001|41 NT 553|1000
41260|41 BR 260|1000
26080|41 HO 6004|998
67049|41 HO 2006|996
41295|41 BR 295|996
67034|41 HO 1343|994
47166|41 J 0453|992
26061|41 HO 6029|988
26049|41 H 7271|988
49307|41 J 7126|987
48116|41 HO 2056|987
41233|41 BR 233|987
41572|41 AIG 572|985
17040|41 J 3004|982
17010|41 HO 6412|982
47082|41 J 0410|981
36059|41 LV 147|980
42081|41 J 4165|979
41026|41 HB 626|977
41222|41 BR 222|972
44060|41 J 0060|970
41437|41 BR 437|968
25050|41 K 9515|967
49140|41 HO 3055|967
67042|41 ALL 314|967
41249|41 BR 249|965
35131|41 HO 6085|960
41291|41 BR 291|954
67014|41 AJS 825|954
41417|41 BR 417|947
35052|41 E 7329|946
36044|41 HO 2008|943
26025|41 AAJ 902|942
10183|34 HNN 78|942
36062|41 LG 928|939
47542|41 J 0486|939
42092|41 J 4170|937
41263|41 BR 263|937
41554|41 AIG 554|932
17057|41 ABZ 187|926
36010|41 HO 2010|925
44292|41 J 0292|921
44033|41 J 0033|920
67006|41 HO 2503|919
41016|41 RT 616|911
19011|41 HO 5624|911
36046|41 KT 235|910
41037|41 HB 637|910
24021|41 HO 2132|908
48148|41 HO 2117|906
48138|41 HO 2129|905
44570|41 J 0274|900
48125|41 HO 2119|900
49321|41 HO 3113|898
41386|41 BR 386|898
25012| 41 K 8444|894
17038|41 ACJ 694|891
49324|41 J 7113|890
41031|41 HB 631|890
47601|41 HO 1748|889
36062|41 HO 2011|888
67069|41 HO 2000|885
25127|41 HD 592|883
44164|41 HO 1624|882
44168|41 J 0168|878
22029|41 KU 889|877
44563|41 J 0283|871
17079|41 HO 6134|871
67075|41 H 5178|871
36052|41 HO 2013|870
37033|41 VF 038|868
44617|41 HO 1571|865
41270|41 BR 270|864
17064|41 HO 6415|860
16015|41 HO 1331|854
11304|41 HO 1334|850
44386|41 HO 1607|849
67029|41 ABF 119|848
49311|41 HO 3115|847
41032|41 HB 632|847
35118|41 BV 083|846
44227|41 J 0227|843
17082|41 HO 6151|841
38033|41 HT 580|840
67055|41 HO 1337|838
41439|41 BR 439|836
41166|41 PN 227|831
26007|41 HO 6401|830
48139|41 HO 2125|828
48021|41 HO 2109|828
17083|41 HO 6128|825
67004|41 ACH 711|823
67506|41 SP 290|816
49025|41 R 3448|814
10124|41 TG 641|811
13023|41 HO 5519|810
48133|41 HO 2069|810
38089|41 HO 1804|810
67039|41 ADD 378|810
44340|41 J 0158|802
48125|41 J 2067|798
22041|41 RE 138|797
13071|41 HO 5525|797
37023|41 HO 2143|793
41523|41 AIG 523|792
49180|41 HO 3044|788
67513|41 HO 1285|788
48089|41 B 5215|788
41342|41 BR 342|786
11302|41 HO 1335|785
17076|41 HO 6131|783
13057|41 HO 5516|777
48023|41 HO 2065|772
16010|41 HO 1328|767
47160|41 J 0396|763
41703|41 ALL 703|758
49323|41 HO 3114|752
17032|41 GD 577|752
41315|41 BR 315|750
13059|41 HO 5530|730
41716|41 ASC 716|727
45036|41 J 0518|720
67030|41 FC 640|719
19036|41 HO 5629|713
27016|41 HO 1401|712
22043|41 AGR 960|709
26048|41 HO 6002|705
47224|41 J 0384|701
25117|41 J 3318|700
48065|41 J 2020|700
17075|41 HO 6145|695
27006|41 ACK 563|690
67515|41 LG 868|689
42494|41 J 4315|687
41017|41 RT 617|686
41044|41 HG 644|686
17044|41 HO 6149|685
17078|41 HO 6137|684
49305|41 J 7127|682
48123|41 HO 2113|681
41163|41 PN 217|672
19031|41 HO 5630|668
67031|41 HO 1319|666
12084|41 M 9016|665
67505|41 HO 1293|663
49301|41 HO 3122|659
41178|41 PN 291|657
10152|41 VJ 561|652
67071|41 HO 2504|649
27007|41 SF 901|645
44646|41 HO 1881|638
10158|34 KU 0360|630
25130|41 J 3280|629
41444|41 UP 742|622
41254|41 BR 254|621
27023|41 ADP 255|616
48032|41 J 2049|614
67507|41 HO 1291|613
17056|41 HO 6143|612
48067|41 J 2041|607
49092|41 B 2176|601
67078|41 HO 1338|597
41363|41 BR 363|596
27032|41 ET 384|594
26096|41 HO 6021|593
67032|41 ADJ 814|590
37030|41 ALZ 338|589
10154|41 VB 893|582
42504|41 J 4365|581
27025|41 EK 533|580
17011|41 HO 6414|575
41299|41 BR 299|567
67001|41 HO 2517|564
41440|41 BR 440|556
26062|41 HO 6000|548
48088|41 BR 795|545
29053|41 E 0042|537
41164|41 PN 223|529
67508|41 HO 1284|525
44334|41 J 0258|518
41156|41 PN 191|517
10105|41 AYV 831|510
41277|41 BR 277|505
27024|41 ALJ 769|501
10202|41 U 2938|492
67076|41 HO 2549|487
27020|41 HO 1391|480
41427|41 BR 427|480
41766|41 ATT 766|480
36027|41 KK 369|473
44432|41 HO 1612|471
49309|41 J 7129|468
48089|41 HO 2076|459
27033|41 HO 1400|455
67074|41 BB 133|442
67073|41 ANN 018|439
49302|41 HO 3120|434
67070|41 ALS 190|424
10151|34 LKC 484|418
41606|41 AIG 606|416
41182|41 PN 319|411
44447|41 J 0279|394
38056|41 PF 032|381
25527|41 HO 6526|381
41165|41 PN 224|378
19033|41 HO 5627|378
41623|41 AKN 623|378
48037|41 HO 2128|372
41701|41 ALL 701|372
27013|41 AJD 404|371
41042|41 HB 642|370
41359|41 BR 359|360
48065|41 HO 2072|357
12092|41 M 9014|356
44529|41 HO 1935|353
41430|41 BR 430|346
48135|41 J 2014|345
42306|41 J 4222|339
41280|41 BR 280|339
41168|41 PN 234|333
41410|41 BR 410|325
25073|41 AHK 766|323
67501|41 HO 1287|320
41689|41 ALL 689|319
49308|41 HO 3117|316
27035|41 HO 1390|312
10105|41 ASV 805|311
48037|41 J 2076|301
44684|41 HO 1534|300
48067|41 HO 2093|298
27036|41 HO 1388|297
21073|41 HO 2167|289
41588|41 AIG 588|286
47021|41 J 0350|278
25030|41 HO 6155|272
44474|41 J 0177|269
49315|41 AEF 757|269
27031|41 HO 1389|268
67503|41 HO 1345|249
10303|41 J 4282|243
41029|41 HB 629|235
48139|41 J 2073|231
49058|41 B 1512|231
41558|41 AIG 558|224
12089|41 M 9015|218
41307|41 BR 307|214
41169|41 PN 236|194
17013|41 HO 6132|194
41615|41 AIC 615|192
41791|41 AUJ 791|187
41470|41 AYB 609|174
41279|41 BR 279|170
44251|41 J 0251|165
41335|41 BR 335|162
48135|41 HO 2066|155
38008|41 R 4866|150
41157|41 PN 197|148
41090|41 LV 489|148
10309|41 HO 4408|129
35148|41 HO 6111|128
41794|41 AUJ 794|126
10175|41 YE 036|125
41616|41 AIG 616|123
41171|41 PN 258|118
41434|41 BR 441|110
41796|41 AUJ 796|110
41795|41 AUJ 795|106
10304|41 J 4283|105
41176|41 PN 286|91
41426|41 BR 426|87
41798|41 AUJ 798|77
49056|41 HO 3071|74
41799|41 AUJ 799|71
41453|41 AVU 453|62
41793|41 AUJ 793|61
11301|41 HO 1333|55
41046|41 HB 646|55
41680|41 ALL 680|50
41792|41 AUJ 792|49
41697|41 ALL 697|34
41167|41 PN 233|31
10307|41 J 4286|30
41790|41 AUJ 790|27
41414|41 BR 414|21
41177|41 PN 290|1