1737575162|41 ADS 212|10192|0|44001|0|0|41.092113494873|28.9377918243408|287.200012207031|40.5555572509766|1|0|1737562234|60021|GEBZE-ESENLER
1737571921|41 ADS 212|10192|0|44001|0|0|40.8831748962402|29.3784828186035|319.799987792969|39.4444427490234|1|0|1737562234|60021|GEBZE-ESENLER
1737574440|41 ADS 212|10192|0|44001|0|0|41.0803604125977|29.0963802337646|334.100006103516|38.0555572509766|1|0|1737562234|60021|GEBZE-ESENLER
1737639841|41 J 4143|42789|0|41552|2574242|0|40.8141975402832|29.4134197235107|308.390014648437|37.7777786254883|50|2|1737639721|60293|FATİH TREN İST.  -  EMEK-BOSNA CAD - ADLİYE - GEBZE - FATİH D.H.
1737627961|34 DD 3017|10136|0|44001|0|0|40.7987594604492|29.4481983184814|81.4000015258789|36.9444427490234|1|0|1737604681|60021|GEBZE-ESENLER
1737627961|41 VA 946|10129|0|44001|0|0|40.798999786377|29.449779510498|78.5899963378906|36.6666679382324|1|2|1737604853|60021|GEBZE-ESENLER
1737554761|34 FCK 081|10189|0|44001|0|0|41.0928688049316|28.9162940979004|63.2000007629395|35.8333320617676|1|0|1737542053|60021|GEBZE-ESENLER
1737278581|34 HT 8917|10132|0|44001|0|0|40.953369140625|29.2981109619141|298.600006103516|35.0|1|2|1737274970|60021|GEBZE-ESENLER
1737564180|41 ACC 891|10160|0|44001|0|0|40.9757080078125|29.2350101470947|94.5999984741211|35.0|1|0|1737546766|60021|GEBZE-ESENLER
1737483961|41 ADS 212|10192|0|44001|0|0|40.9105606079102|29.3578605651855|325.100006103516|34.4444427490234|1|2|1737474701|60021|GEBZE-ESENLER
1737633360|34 FCK 081|10189|0|44001|0|0|40.9098014831543|29.3586959838867|323.390014648437|34.4444427490234|1|2|1737629675|60021|GEBZE-ESENLER
1737517320|34 COD 952|10198|0|44001|0|0|40.9172286987305|29.35325050354|338.700012207031|34.1666679382324|1|0|1737514906|60021|GEBZE-ESENLER
1737574380|41 ADS 212|10192|0|44001|0|0|41.0650215148926|29.111873626709|321.890014648437|34.1666679382324|1|0|1737562234|60021|GEBZE-ESENLER
1737292501|34 HT 8917|10132|0|44001|0|0|40.9203567504883|29.3517208099365|164.899993896484|33.8888893127441|1|2|1737274970|60021|GEBZE-ESENLER
1737528721|34 HT 8917|10132|0|44001|0|0|40.826057434082|29.3652362823486|192.5|33.8888893127441|1|2|1737511166|60021|GEBZE-ESENLER
1737635040|41 ACC 891|10160|0|44001|0|0|40.9523239135742|29.3007698059082|294.700012207031|33.8888893127441|1|2|1737630955|60021|GEBZE-ESENLER
1737269281|34 COD 952|10198|0|44001|0|0|40.8335762023926|29.3700084686279|206.800003051758|33.6111106872559|1|0|1737252569|60021|GEBZE-ESENLER
1737285181|41 YR 825|10190|0|44001|0|0|40.8357543945312|29.3712978363037|200.100006103516|33.6111106872559|1|0|1737264509|60021|GEBZE-ESENLER
1737341941|34 COD 952|10198|0|44001|0|0|40.9568328857422|29.2912368774414|307.0|33.6111106872559|1|2|1737339297|60021|GEBZE-ESENLER
1737479820|41 ASZ 385|10108|0|44001|0|0|41.0937538146973|28.931583404541|110.400001525879|33.6111106872559|1|2|1737464341|60021|GEBZE-ESENLER
1737140282|34 HT 8917|10132|0|44001|0|0|40.858585357666|29.3777675628662|213.0|33.3333320617676|1|2|1737121367|60021|GEBZE-ESENLER
1737516300|34 EB 2267|10204|0|44001|0|0|40.969970703125|29.2674922943115|298.200012207031|33.3333320617676|1|2|1737512676|60021|GEBZE-ESENLER
1737554821|34 FCK 081|10189|0|44001|0|0|41.0915985107422|28.9404621124268|94.5|33.3333320617676|1|0|1737542053|60021|GEBZE-ESENLER
1737634381|41 ACC 891|10160|0|44001|0|0|40.8920288085937|29.3713893890381|336.700012207031|33.3333320617676|1|2|1737630955|60021|GEBZE-ESENLER
1737010081|41 ADS 212|10192|0|44001|0|0|41.0944290161133|28.9289073944092|282.700012207031|33.0555572509766|1|2|1736999033|60021|GEBZE-ESENLER
1737564120|41 ACC 891|10160|0|44001|0|0|40.9820327758789|29.2118263244629|100.599998474121|33.0555572509766|1|0|1737546766|60021|GEBZE-ESENLER
1737567721|41 ATB 698|10201|0|44001|0|0|41.0996932983398|28.9714851379395|90.0999984741211|33.0555572509766|1|2|1737552503|60021|GEBZE-ESENLER
1737616621|41 TG 990|10109|0|44001|0|0|40.9296836853027|29.3466491699219|317.5|33.0555572509766|1|2|1737612829|60021|GEBZE-ESENLER
1737627841|34 DD 3017|10136|0|44001|0|0|40.7888374328613|29.4121608734131|109.599998474121|33.0555572509766|1|0|1737604681|60021|GEBZE-ESENLER
1737220621|41 ADS 212|10192|0|44001|0|0|40.9757652282715|29.2430095672607|93.1999969482422|32.7777786254883|1|2|1737201860|60021|GEBZE-ESENLER
1737531061|34 COD 952|10198|0|44001|0|0|40.8429069519043|29.3739242553711|193.0|32.7777786254883|1|0|1737514906|60021|GEBZE-ESENLER
1737547801|34 HT 8917|10132|0|44001|0|0|40.8207168579102|29.3647327423096|178.399993896484|32.7777786254883|1|2|1737529861|60021|GEBZE-ESENLER
1737575041|41 ADS 212|10192|0|44001|0|0|41.1003761291504|28.9816646575928|264.799987792969|32.7777786254883|1|0|1737562234|60021|GEBZE-ESENLER
1737610021|41 VA 946|10129|0|44001|0|0|40.9663124084473|29.2731609344482|318.390014648437|32.7777786254883|1|2|1737604853|60021|GEBZE-ESENLER
1737622801|34 DD 3017|10136|0|44001|0|0|40.8506393432617|29.3746089935303|180.300003051758|32.7777786254883|1|0|1737604681|60021|GEBZE-ESENLER
1737633300|34 FCK 081|10189|0|44001|0|0|40.8954887390137|29.3697128295898|342.600006103516|32.7777786254883|1|2|1737629675|60021|GEBZE-ESENLER
1737137881|41 ATB 698|10201|0|44001|0|0|40.9081077575684|29.360502243042|320.200012207031|32.5|1|2|1737134421|60021|GEBZE-ESENLER
1737347101|34 DD 3017|10136|0|44001|0|0|40.9538688659668|29.2969837188721|300.0|32.5|1|0|1737343012|60021|GEBZE-ESENLER
1737563521|41 ACC 891|10160|0|44001|0|0|41.046329498291|29.1212978363037|180.399993896484|32.5|1|0|1737546766|60021|GEBZE-ESENLER
1737565321|41 ACC 891|10160|0|44001|0|0|40.8450584411621|29.3744945526123|190.5|32.5|1|0|1737546766|60021|GEBZE-ESENLER
1737574320|41 ADS 212|10192|0|44001|0|0|41.0477638244629|29.1213893890381|356.399993896484|32.5|1|0|1737562234|60021|GEBZE-ESENLER
1737609541|41 VA 946|10129|0|44001|0|0|40.8804168701172|29.3818855285645|315.299987792969|32.5|1|2|1737604853|60021|GEBZE-ESENLER
1737609600|41 VA 946|10129|0|44001|0|0|40.8936920166016|29.3705654144287|339.5|32.5|1|2|1737604853|60021|GEBZE-ESENLER
1737611401|41 R 7683|10196|0|44001|0|0|40.8910446166992|29.3719997406006|334.799987792969|32.5|1|2|1737607404|60021|GEBZE-ESENLER
1737632102|41 M 9025|12076|0|51082|2425131|0|41.143856048584|30.197473526001|351.700012207031|32.5|13|2|1737632050|90504|KANDIRA-KERPE-KUMCAĞIZ-DOĞANLAR-KEFKEN-CEBECİ
1737341761|34 COD 952|10198|0|44001|0|0|40.9311103820801|29.3446521759033|308.100006103516|32.2222213745117|1|2|1737339297|60021|GEBZE-ESENLER
1737341881|34 COD 952|10198|0|44001|0|0|40.9470558166504|29.3110504150391|314.299987792969|32.2222213745117|1|2|1737339297|60021|GEBZE-ESENLER
1737478081|41 U 2938|10202|0|44001|0|0|40.9174385070801|29.353199005127|339.100006103516|32.2222213745117|1|2|1737474681|60021|GEBZE-ESENLER
1737565681|41 R 7683|10196|0|44001|0|0|40.9128875732422|29.3557243347168|150.600006103516|32.2222213745117|1|0|1737546542|60021|GEBZE-ESENLER
1737571141|41 ADJ 814|67032|1|51041|1582807|0|40.7389755249023|30.0996532440186|107.690002441406|32.2222213745117|22|0|1737571133|11124|İZMİT-KURTDERE-ORTABURUN-HASANCIK